19844,257 234
19845,261 226
19846,261 63
19847,256 99
19848,256 41
19849,256 29
19850,259 80
19851,258 100
19852,261 162
19853,259 96
19854,257 227
19855,256 34
19856,256 97
19857,256 52
19858,261 65
19859,261 81
19860,260 191
19861,260 65
19862,256 79
19863,256 87
19864,261 252
19865,260 141
19866,256 252
19867,260 148
19868,258 41
19869,256 188
19870,258 210
19871,259 201
19872,259 112
19873,260 130
19874,260 131
19875,257 172
19876,256 118
19877,258 42
19878,258 23
19879,260 114
19880,259 70
19881,256 236
19882,261 18
19883,257 232
19884,260 30
19885,258 122
19886,258 182
19887,257 98
19888,257 253
19889,257 243
19890,257 60
19891,258 139
19892,257 203
19893,260 39
19894,261 161
19895,259 238
19896,257 135
19897,258 225
19898,257 106
19899,258 184
19900,256 195
19901,258 160
19902,260 114
19903,258 18
19904,256 100
19905,257 235
19906,257 180
19907,259 17
19908,258 113
19909,259 52
19910,261 145
19911,257 18
19912,261 90
19913,257 248
19914,257 21
19915,260 21
19916,259 12
19917,256 123
19918,259 53
19919,256 85
19920,261 193
19921,257 104
19922,261 254
19923,260 61
19924,261 80
19925,258 46
19926,256 69
19927,256 127
19928,261 119
19929,259 207
19930,256 63
19931,258 211
19932,260 98
19933,259 143
19934,259 20
19935,258 197
19936,261 103
19937,259 180
19938,257 85
19939,257 128
19940,256 192
19941,257 60
19942,261 243
19943,260 126
19944,259 176
19945,261 69
19946,258 10
19947,259 158
19948,258 93
19949,257 134
19950,257 171
19951,259 239
19952,260 100
19953,256 15
19954,256 122
19955,256 67
19956,258 202
19957,258 67
19958,261 198
19959,261 82
19960,258 235
19961,261 169
19962,258 110
19963,259 3
19964,259 134
19965,260 26
19966,256 188
19967,258 29
19968,259 250
19969,257 97
19970,260 19
19971,256 121
19972,257 100
19973,257 79
19974,259 252
19975,261 129
19976,258 40
19977,259 229
19978,256 19
19979,258 128
19980,257 17
19981,258 6
19982,258 203
19983,256 37
19984,256 33
19985,257 227
19986,259 5
19987,256 47
19988,256 177
19989,261 5
19990,257 7
19991,260 35
19992,261 118
19993,256 173
19994,257 55
19995,259 144
19996,256 157
19997,257 243
19998,258 189
19999,260 55
20000,260 3
20001,261 209
20002,261 218
20003,256 20
20004,260 60
20005,257 15
20006,260 165
20007,258 51
20008,256 248
20009,256 177
20010,259 132
20011,261 189
20012,260 243
20013,257 103
20014,260 116
20015,261 170
20016,260 122
20017,259 23
20018,259 21
20019,256 13
20020,259 58
20021,258 137
20022,257 6
20023,256 218
20024,257 224
20025,256 197
20026,256 241
20027,260 170
20028,261 195
20029,259 177
20030,256 111
20031,261 205
20032,257 143
20033,258 255
20034,260 153
20035,257 191
20036,260 196
20037,258 113
20038,261 225
20039,260 190
20040,259 109
20041,257 19
20042,258 161
20043,256 33
20044,259 95
20045,258 217
20046,260 106
20047,258 178
20048,258 247
20049,261 221
20050,261 1
20051,260 32
20052,259 25
20053,257 21
20054,261 154
20055,257 81
20056,257 234
20057,261 70
20058,258 192
20059,261 38
20060,260 127
20061,256 141
20062,258 247
20063,257 253
20064,261 145
20065,258 192
20066,257 0
20067,261 2
20068,257 216
20069,261 127
20070,259 91
20071,260 29
20072,260 169
20073,258 188
20074,261 97
20075,258 254
20076,257 251
20077,260 16
20078,257 32
20079,261 176
20080,258 228
20081,258 31
20082,259 194
20083,259 164
20084,259 64
20085,258 229
20086,258 52
20087,261 18
20088,256 7
20089,257 176
20090,261 93
20091,257 68
20092,261 138
20093,259 39
20094,259 3
20095,261 255
20096,261 160
20097,257 134
20098,258 67
20099,259 59
20100,257 111
20101,260 21
20102,258 58
20103,259 215
20104,257 99
20105,256 108
20106,257 46
20107,256 240
20108,258 127
20109,257 5
20110,258 112
20111,260 24
20112,256 22
20113,256 70
20114,258 180
20115,260 137
20116,261 158
20117,259 231
20118,259 161
20119,259 21
20120,261 34
20121,259 114
20122,260 210
20123,256 106
20124,260 136
20125,256 63
20126,261 137
20127,258 241
20128,259 187
20129,257 32
20130,256 213
20131,258 97
20132,257 96
20133,256 165
20134,261 221
20135,258 199
20136,260 168
20137,260 174
20138,256 162
20139,256 151
20140,259 108
20141,258 179
20142,261 94
20143,261 27
20144,257 164
20145,257 246
20146,256 84
20147,261 59
20148,259 224
20149,258 126
20150,258 195
20151,260 132
20152,257 91
20153,260 162
20154,258 57
20155,259 230
20156,260 203
20157,256 124
20158,259 139
20159,259 140
20160,256 5
20161,257 119
20162,256 44
20163,256 193
20164,256 31
20165,257 242
20166,259 159
20167,256 211
20168,256 155
20169,256 151
20170,258 74
20171,260 95
20172,256 214
20173,261 218
20174,260 216
20175,261 109
20176,257 173
20177,260 206
20178,261 1
20179,259 92
20180,260 48
20181,261 65
20182,259 90
20183,258 118
20184,258 200
20185,259 199
20186,259 129
20187,261 175
20188,260 19
20189,256 38
20190,256 212
20191,261 234
20192,261 135
20193,258 80
20194,259 128
20195,260 194
20196,258 124
20197,257 214
20198,256 146
20199,260 181
20200,256 54
20201,257 139
20202,256 98
20203,257 57
20204,257 25
20205,261 188
20206,257 117
20207,257 255
20208,258 21
20209,259 41
20210,257 187
20211,256 133
20212,256 248
20213,261 185
20214,261 189
20215,259 179
20216,261 52
20217,256 143
20218,258 39
20219,261 34
20220,259 79
20221,256 235
20222,257 184
20223,260 70
20224,260 240
20225,256 11
20226,260 137
20227,261 160
20228,258 104
20229,258 251
20230,257 68
20231,261 181
20232,260 6
20233,258 248
20234,257 156
20235,261 95
20236,257 165
20237,259 225
20238,259 56
20239,261 196
20240,260 71
20241,257 222
20242,257 228
20243,260 7
20244,258 156
20245,257 36
20246,258 160
20247,259 117
20248,261 226
20249,258 151
20250,256 253
20251,257 196
20252,261 89
20253,261 155
20254,258 213
20255,259 186
20256,259 87
20257,258 103
20258,259 68
20259,261 50
20260,258 175
20261,261 162
20262,258 123
20263,261 107
20264,257 241
20265,258 22
20266,260 216
20267,257 18
20268,256 178
20269,260 211
20270,260 76
20271,260 110
20272,259 241
20273,261 255
20274,261 0
20275,258 173
20276,257 66
20277,256 53
20278,258 205
20279,257 33
20280,256 73
20281,257 37
20282,258 229
20283,256 3
20284,259 188
20285,260 235
20286,261 213
20287,261 255
20288,261 244
20289,257 59
20290,259 172
20291,260 165
20292,257 189
20293,256 94
20294,257 248
20295,261 126
20296,256 239
20297,261 171
20298,261 234
20299,258 90
20300,257 9
20301,259 224
20302,257 197
20303,261 46
20304,258 202
20305,260 156
20306,257 117
20307,258 119
20308,260 139
20309,260 208
20310,260 233
20311,261 17
20312,257 212
20313,259 239
20314,258 147
20315,258 243
20316,259 110
20317,258 52
20318,259 41
20319,259 47
20320,256 232
20321,259 60
20322,256 129
20323,257 61
20324,261 89
20325,257 215
20326,258 53
20327,260 101
20328,258 209
20329,256 201
20330,260 87
20331,259 202
20332,260 193
20333,259 220
20334,257 99
20335,259 117
20336,258 77
20337,261 125
20338,261 75
20339,259 94
20340,256 86
20341,259 206
20342,260 53
20343,260 75
20344,260 168
20345,257 209
20346,256 78
20347,259 17
20348,258 149
20349,257 49
20350,256 203
20351,261 130
20352,261 250
20353,259 185
20354,258 3
20355,256 23
20356,256 107
20357,258 135
20358,259 39
20359,258 40
20360,259 253
20361,259 140
20362,260 21
20363,261 57
20364,259 252
20365,261 219
20366,257 77
20367,257 180
20368,261 122
20369,261 234
20370,258 234
20371,256 17
20372,261 128
20373,260 188
20374,258 73
20375,258 69
20376,261 91
20377,259 152
20378,256 171
20379,260 2
20380,256 66
20381,257 193
20382,259 3
20383,258 19
20384,259 86
20385,260 95
20386,261 179
20387,257 232
20388,260 182
20389,257 125
20390,261 250
20391,256 29
20392,256 45
20393,260 222
20394,256 78
20395,258 136
20396,260 173
20397,259 247
20398,258 214
20399,260 29
20400,256 153
20401,257 99
20402,260 222
20403,257 187
20404,261 165
20405,257 156
20406,256 215
20407,261 168
20408,256 190
20409,257 186
20410,258 87
20411,259 82
20412,257 55
20413,259 170
20414,261 30
20415,259 152
20416,260 76
20417,259 244
20418,260 22
20419,256 187
20420,257 156
20421,258 28
20422,261 215
20423,258 172
20424,259 51
20425,258 50
20426,258 27
20427,256 94
20428,260 82
20429,256 14
20430,260 59
20431,256 95
20432,261 245
20433,259 103
20434,261 147
20435,256 185
20436,257 221
20437,258 160
20438,260 108
20439,260 9
20440,260 146
20441,260 26
20442,259 202
20443,257 52
20444,259 162
20445,261 81
20446,259 54
20447,261 44
20448,257 21
20449,259 29
20450,257 114
20451,259 180
20452,260 221
20453,259 217
20454,257 159
20455,259 9
20456,256 182
20457,259 72
20458,261 73
20459,258 237
20460,261 185
20461,258 130
20462,256 96
20463,257 107
20464,257 162
20465,259 45
20466,259 24
20467,258 101
20468,257 127
20469,261 242
20470,258 47
20471,260 174
20472,260 83
20473,260 196
20474,258 18
20475,258 69
20476,257 221
20477,257 130
20478,257 237
20479,261 5
20480,260 140
20481,260 23
20482,257 141
20483,261 208
20484,261 86
20485,256 0
20486,256 174
20487,261 252
20488,259 242
20489,256 238
20490,258 21
20491,259 170
20492,261 189
20493,256 246
20494,260 150
20495,259 49
20496,256 55
20497,260 108
20498,256 221
20499,257 206
20500,256 223
20501,258 109
20502,258 159
20503,261 77
20504,258 239
20505,259 180
20506,259 143
20507,257 71
20508,258 52
20509,258 44
20510,258 49
20511,261 61
20512,260 247
20513,259 127
20514,257 113
20515,257 161
20516,256 193
20517,260 109
20518,256 151
20519,258 155
20520,257 121
20521,258 186
20522,256 238
20523,257 21
20524,260 6
20525,261 19
20526,257 85
20527,259 97
20528,261 146
20529,258 19
20530,260 116
20531,259 123
20532,261 14
20533,256 97
20534,259 86
20535,260 205
20536,261 140
20537,257 142
20538,256 175
20539,256 231
20540,260 157
20541,258 34
20542,259 246
20543,258 138
20544,257 188
20545,257 10
20546,257 41
20547,261 18
20548,258 121
20549,257 81
20550,259 233
20551,257 10
20552,259 243
20553,258 208
20554,259 55
20555,257 119
20556,256 202
20557,258 71
20558,258 1
20559,260 41
20560,259 150
20561,260 16
20562,256 80
20563,256 43
20564,256 157
20565,259 81
20566,256 199
20567,260 2
20568,258 69
20569,256 100
20570,260 182
20571,257 118
20572,257 126
20573,257 216
20574,261 252
20575,261 3
20576,261 42
20577,258 75
20578,257 129
20579,261 39
20580,259 51
20581,261 243
20582,259 237
20583,259 64
20584,257 223
20585,256 159
20586,258 2
20587,257 156
20588,257 141
20589,260 128
20590,261 166
20591,256 251
20592,256 236
20593,258 9
20594,261 136
20595,261 148
20596,259 88
20597,258 181
20598,258 255
20599,256 114
20600,259 233
20601,258 115
20602,259 119
20603,259 176
20604,258 105
20605,256 43
20606,256 142
20607,257 225
20608,261 54
20609,261 111
20610,258 199
20611,257 185
20612,256 197
20613,261 108
20614,258 101
20615,258 192
20616,258 80
20617,259 162
20618,256 212
20619,261 156
20620,257 226
20621,260 244
20622,258 186
20623,258 68
20624,258 197
20625,260 36
20626,259 146
20627,261 37
20628,258 12
20629,261 182
20630,257 103
20631,261 18
20632,260 193
20633,257 228
20634,261 24
20635,256 119
20636,261 224
20637,259 22
20638,259 63
20639,258 58
20640,258 57
20641,261 1
20642,261 140
20643,259 60
20644,260 223
20645,257 103
20646,258 77
20647,259 97
20648,261 174
20649,261 31
20650,260 99
20651,261 150
20652,261 39
20653,261 217
20654,256 223
20655,260 51
20656,259 147
20657,259 191
20658,261 7
20659,258 197
20660,257 65
20661,260 244
20662,257 125
20663,256 6
20664,260 71
20665,257 140
20666,256 209
20667,259 150
20668,261 16
20669,257 125
20670,261 172
20671,260 196
20672,257 178
20673,259 166
20674,259 98
20675,258 122
20676,261 209
20677,257 229
20678,258 153
20679,257 7
20680,260 122
20681,256 234
20682,260 88
20683,256 110
20684,257 73
20685,260 44
20686,256 158
20687,260 119
20688,257 210
20689,258 55
20690,256 99
20691,256 146
20692,257 254
20693,261 65
20694,257 157
20695,261 99
20696,259 238
20697,258 171
20698,256 170
20699,256 125
20700,259 149
20701,259 228
20702,261 59
20703,261 150
20704,257 8
20705,256 223
20706,257 155
20707,261 84
20708,259 74
20709,256 251
20710,260 250
20711,257 101
20712,258 7
20713,259 32
20714,260 13
20715,257 148
20716,260 133
20717,259 106
20718,259 43
20719,260 254
20720,258 194
20721,256 162
20722,261 193
20723,260 160
20724,257 135
20725,258 99
20726,261 186
20727,258 237
20728,256 222
20729,260 172
20730,260 62
20731,258 7
20732,259 58
20733,256 52
20734,257 221
20735,257 231
20736,259 69
20737,260 201
20738,256 14
20739,261 131
20740,259 21
20741,259 145
20742,261 153
20743,261 193
20744,257 65
20745,257 235
20746,260 77
20747,256 188
20748,259 34
20749,259 88
20750,257 35
20751,256 182
20752,257 42
20753,259 146
20754,257 160
20755,261 191
20756,258 31
20757,259 212
20758,260 36
20759,259 217
20760,258 179
20761,256 232
20762,259 123
20763,261 53
20764,257 182
20765,261 122
20766,261 206
20767,259 203
20768,259 219
20769,259 221
20770,257 210
20771,259 90
20772,259 218
20773,256 34
20774,257 216
20775,257 174
20776,259 104
20777,259 66
20778,258 23
20779,260 164
20780,259 55
20781,260 188
20782,256 78
20783,260 77
20784,258 20
20785,256 216
20786,258 159
20787,260 50
20788,260 197
20789,261 130
20790,259 64
20791,258 137
20792,257 66
20793,256 98
20794,260 94
20795,257 241
20796,260 111
20797,261 167
20798,257 80
20799,261 249
20800,258 94
20801,261 176
20802,259 254
20803,261 130
20804,261 225
20805,258 126
20806,261 20
20807,261 207
20808,258 209
20809,257 165
20810,257 88
20811,257 209
20812,258 105
20813,256 31
20814,261 92
20815,261 240
20816,259 146
20817,257 60
20818,257 65
20819,256 119
20820,257 247
20821,259 142
20822,260 82
20823,257 81
20824,257 82
20825,261 138
20826,261 184
20827,260 203
20828,259 55
20829,259 78
20830,257 114
20831,257 134
20832,256 78
20833,260 177
20834,258 111
20835,260 186
20836,256 206
20837,260 135
20838,258 99
20839,256 152
20840,256 170
20841,259 225
20842,259 179
20843,256 79
20844,257 169
20845,256 146
20846,256 168
20847,259 14
20848,258 123
20849,261 70
20850,256 169
20851,258 2
20852,259 112
20853,258 12
20854,260 51
20855,257 53
20856,256 99
20857,261 250
20858,259 234
20859,261 189
20860,257 16
20861,259 105
20862,258 203
20863,260 168
20864,257 202
20865,258 237
20866,256 128
20867,261 157
20868,259 99
20869,256 246
20870,261 85
20871,261 12
20872,257 178
20873,260 208
20874,259 59
20875,260 116
20876,257 247
20877,261 100
20878,260 248
20879,256 17
20880,256 45
20881,261 247
20882,260 92
20883,261 1
20884,256 234
20885,258 199
20886,257 26
20887,261 167
20888,259 106
20889,259 58
20890,257 168
20891,260 229
20892,258 232
20893,261 18
20894,259 61
20895,259 114
20896,259 91
20897,261 203
20898,259 208
20899,261 90
20900,260 65
20901,260 21
20902,258 180
20903,260 126
20904,260 1
20905,257 22
20906,258 50
20907,257 156
20908,260 33
20909,260 237
20910,258 56
20911,261 41
20912,259 74
20913,258 141
20914,258 1
20915,258 23
20916,256 220
20917,259 250
20918,258 84
20919,257 74
20920,259 143
20921,258 123
20922,258 184
20923,259 78
20924,259 91
20925,260 73
20926,258 179
20927,259 154
20928,261 175
20929,260 208
20930,256 253
20931,260 121
20932,258 166
20933,258 129
20934,261 68
20935,258 80
20936,257 198
20937,261 228
20938,259 209
20939,256 234
20940,256 130
20941,258 69
20942,258 65
20943,259 0
20944,261 123
20945,261 65
20946,258 32
20947,260 32
20948,259 59
20949,258 22
20950,258 10
20951,258 177
20952,257 244
20953,259 93
20954,261 177
20955,260 165
20956,259 117
20957,258 178
20958,260 225
20959,258 53
20960,259 89
20961,258 89
20962,261 107
20963,256 155
20964,258 44
20965,257 238
20966,257 130
20967,259 181
20968,258 1
20969,258 182
20970,257 255
20971,259 10
20972,259 195
20973,257 9
20974,256 150
20975,256 131
20976,259 46
20977,256 8
20978,261 229
20979,259 241
20980,261 56
20981,256 126
20982,260 255
20983,261 30
20984,261 109
20985,257 170
20986,257 187
20987,258 4
20988,257 108
20989,256 84
20990,256 7
20991,257 117
20992,261 146
20993,256 99
20994,260 252
20995,256 54
20996,259 141
20997,257 226
20998,257 101
20999,257 111
21000,260 76
21001,258 19
21002,259 22
21003,258 241
21004,259 155
21005,258 27
21006,256 32
21007,257 159
21008,259 86
21009,256 84
21010,259 220
21011,258 20
21012,259 4
21013,261 76
21014,257 77
21015,257 66
21016,258 71
21017,258 23
21018,258 82
21019,256 170
21020,261 102
21021,257 88
21022,256 172
21023,261 112
21024,260 250
21025,256 68
21026,258 212
21027,257 91
21028,258 97
21029,261 117
21030,256 30
21031,259 143
21032,261 150
21033,256 81
21034,257 161
21035,258 152
21036,260 142
21037,258 95
21038,261 246
21039,256 255
21040,259 46
21041,261 208
21042,257 178
21043,256 141
21044,258 142
21045,260 10
21046,258 44
21047,256 0
21048,260 2
21049,261 5
21050,259 1
21051,259 190
21052,259 55
21053,261 207
21054,257 100
21055,260 217
21056,256 83
21057,257 111
21058,259 28
21059,261 112
21060,257 220
21061,258 23
21062,256 215
21063,259 56
21064,260 225
21065,258 77
21066,259 29
21067,259 197
21068,259 174
21069,260 126
21070,258 23
21071,260 206
21072,260 245
21073,256 37
21074,258 247
21075,259 151
21076,259 64
21077,259 120
21078,256 170
21079,256 41
21080,261 21
21081,258 67
21082,257 39
21083,261 14
21084,261 32
21085,257 106
21086,261 137
21087,258 195
21088,259 74
21089,257 49
21090,261 188
21091,261 244
21092,259 144
21093,258 70
21094,261 117
21095,261 90
21096,259 8
21097,260 51
21098,261 186
21099,258 192
21100,260 92
21101,261 163
21102,260 43
21103,256 121
21104,261 177
21105,261 184
21106,260 221
21107,260 100
21108,261 196
21109,259 72
21110,256 112
21111,256 61
21112,256 173
21113,260 200
21114,256 180
21115,258 210
21116,257 143
21117,256 62
21118,259 1
21119,261 97
21120,260 46
21121,257 117
21122,259 30
21123,258 62
21124,260 47
21125,260 90
21126,256 86
21127,258 119
21128,260 123
21129,261 58
21130,257 24
21131,256 29
21132,257 5
21133,257 63
21134,258 68
21135,257 105
21136,258 235
21137,260 103
21138,257 246
21139,256 223
21140,258 194
21141,260 226
21142,261 130
21143,258 47
21144,259 109
21145,259 123
21146,258 234
21147,261 103
21148,257 226
21149,260 135
21150,260 252
21151,260 199
21152,257 181
21153,259 128
21154,258 238
21155,258 60
21156,258 70
21157,261 59
21158,259 17
21159,256 95
21160,261 255
21161,258 102
21162,256 11
21163,258 118
21164,258 229
21165,261 197
21166,258 160
21167,260 202
21168,259 118
21169,258 80
21170,256 249
21171,256 107
21172,257 158
21173,257 33
21174,259 252
21175,261 31
21176,258 45
21177,260 235
21178,256 27
21179,261 21
21180,256 34
21181,256 98
21182,258 179
21183,256 166
21184,256 186
21185,260 181
21186,256 217
21187,260 52
21188,260 1
21189,257 36
21190,259 56
21191,261 244
21192,259 111
21193,260 67
21194,260 85
21195,261 45
21196,261 197
21197,261 109
21198,259 100
21199,260 70
21200,257 39
21201,259 137
21202,257 123
21203,257 161
21204,256 58
21205,258 18
21206,261 212
21207,261 29
21208,257 186
21209,256 22
21210,257 109
21211,258 201
21212,258 201
21213,261 143
21214,261 41
21215,258 18
21216,261 255
21217,258 80
21218,256 81
21219,256 133
21220,261 233
21221,259 102
21222,261 23
21223,259 228
21224,256 123
21225,261 173
21226,256 110
21227,261 44
21228,261 188
21229,257 242
21230,257 95
21231,261 199
21232,258 155
21233,256 229
21234,261 181
21235,259 19
21236,257 185
21237,260 184
21238,257 156
21239,258 234
21240,260 152
21241,259 34
21242,260 152
21243,258 216
21244,258 123
21245,258 52
21246,260 234
21247,256 61
21248,257 235
21249,261 42
21250,257 69
21251,257 100
21252,256 166
21253,257 38
21254,258 114
21255,261 114
21256,256 106
21257,257 137
21258,260 61
21259,258 164
21260,260 239
21261,261 83
21262,259 204
21263,259 56
21264,261 244
21265,256 179
21266,256 65
21267,256 10
21268,257 55
21269,257 200
21270,257 60
21271,259 181
21272,257 192
21273,258 36
21274,257 162
21275,261 193
21276,261 204
21277,258 154
21278,261 204
21279,258 55
21280,261 75
21281,258 120
21282,260 233
21283,258 157
21284,260 189
21285,258 27
21286,257 73
21287,261 43
21288,256 217
21289,259 138
21290,257 219
21291,259 207
21292,259 80
21293,257 146
21294,256 14
21295,259 66
21296,256 153
21297,260 127
21298,256 220
21299,261 72
21300,260 145
21301,261 109
21302,256 184
21303,258 222
21304,257 99
21305,260 219
21306,259 168
21307,258 232
21308,259 254
21309,259 237
21310,258 177
21311,259 180
21312,259 18
21313,261 139
21314,258 114
21315,256 87
21316,257 81
21317,261 80
21318,257 147
21319,256 177
21320,259 122
21321,257 236
21322,257 84
21323,257 173
21324,259 96
21325,258 118
21326,260 112
21327,258 15
21328,258 248
21329,260 205
21330,260 34
21331,258 198
21332,257 32
21333,261 3
21334,258 238
21335,261 180
21336,260 164
21337,260 115
21338,259 149
21339,259 89
21340,256 192
21341,257 253
21342,260 65
21343,259 196
21344,256 23
21345,259 143
21346,257 215
21347,260 206
21348,258 226
21349,258 228
21350,259 4
21351,258 113
21352,261 211
21353,261 56
21354,261 101
21355,257 201
21356,260 236
21357,260 73
21358,257 236
21359,258 8
21360,258 68
21361,256 225
21362,260 84
21363,258 117
21364,261 124
21365,258 220
21366,256 85
21367,258 56
21368,257 95
21369,261 67
21370,259 231
21371,257 139
21372,259 239
21373,258 255
21374,256 176
21375,259 153
21376,259 218
21377,256 75
21378,257 143
21379,260 23
21380,258 15
21381,258 203
21382,261 199
21383,256 108
21384,258 4
21385,257 5
21386,257 61
21387,261 241
21388,257 209
21389,256 152
21390,258 224
21391,259 150
21392,259 55
21393,258 120
21394,260 18
21395,259 252
21396,257 58
21397,258 252
21398,258 190
21399,261 215
21400,258 227
21401,261 141
21402,261 109
21403,261 25
21404,261 85
21405,258 74
21406,256 124
21407,259 68
21408,256 61
21409,260 228
21410,261 85
21411,259 222
21412,258 84
21413,256 140
21414,259 66
21415,259 240
21416,259 127
21417,259 177
21418,256 60
21419,261 255
21420,257 184
21421,257 247
21422,256 215
21423,259 225
21424,259 206
21425,257 140
21426,260 32
21427,259 125
21428,260 172
21429,256 221
21430,258 20
21431,260 49
21432,256 183
21433,257 64
21434,261 10
21435,259 136
21436,257 108
21437,256 26
21438,259 44
21439,258 116
21440,260 74
21441,260 153
21442,256 229
21443,259 39
21444,258 202
21445,256 0
21446,260 212
21447,261 92
21448,256 204
21449,259 43
21450,257 180
21451,260 146
21452,257 216
21453,259 185
21454,257 69
21455,260 148
21456,258 14
21457,257 18
21458,257 34
21459,260 78
21460,260 165
21461,261 41
21462,258 27
21463,259 211
21464,258 88
21465,259 183
21466,257 112
21467,260 3
21468,258 24
21469,260 78
21470,258 17
21471,256 59
21472,259 241
21473,256 134
21474,260 188
21475,259 15
21476,259 233
21477,256 23
21478,259 152
21479,258 222
21480,257 76
21481,259 169
21482,260 170
21483,261 211
21484,259 182
21485,261 185
21486,257 72
21487,256 148
21488,259 195
21489,257 188
21490,257 95
21491,257 193
21492,259 49
21493,257 131
21494,261 49
21495,257 253
21496,261 245
21497,257 119
21498,258 228
21499,261 30
21500,259 110
21501,261 42
21502,258 5
21503,258 200
21504,256 200
21505,256 97
21506,257 218
21507,256 136
21508,258 71
21509,256 145
21510,259 31
21511,260 52
21512,260 243
21513,261 113
21514,257 147
21515,256 49
21516,259 229
21517,259 18
21518,259 103
21519,257 204
21520,261 58
21521,259 182
21522,259 127
21523,258 220
21524,259 94
21525,258 61
21526,261 14
21527,256 92
21528,256 56
21529,261 243
21530,261 252
21531,259 149
21532,260 111
21533,258 19
21534,258 44
21535,256 45
21536,256 199
21537,260 61
21538,260 127
21539,258 30
21540,259 86
21541,256 197
21542,258 55
21543,259 109
21544,259 10
21545,258 145
21546,257 22
21547,256 34
21548,261 198
21549,260 231
21550,259 83
21551,259 225
21552,259 11
21553,260 104
21554,260 76
21555,261 31
21556,260 245
21557,260 30
21558,259 132
21559,261 206
21560,257 253
21561,260 71
21562,261 98
21563,256 10
21564,258 204
21565,257 84
21566,261 182
21567,260 23
21568,259 18
21569,261 72
21570,258 239
21571,256 180
21572,260 40
21573,260 92
21574,257 167
21575,261 164
21576,257 242
21577,260 165
21578,260 206
21579,258 231
21580,259 70
21581,256 26
21582,259 169
21583,258 253
21584,260 209
21585,258 56
21586,259 113
21587,257 65
21588,256 62
21589,257 35
21590,258 62
21591,261 32
21592,256 23
21593,259 254
21594,257 144
21595,257 201
21596,257 160
21597,258 221
21598,259 153
21599,261 151
21600,258 173
21601,256 142
21602,261 47
21603,257 70
21604,258 43
21605,256 20
21606,257 238
21607,257 201
21608,257 225
21609,260 148
21610,260 5
21611,258 70
21612,261 162
21613,261 21
21614,261 171
21615,261 134
21616,260 237
21617,261 70
21618,258 61
21619,259 240
21620,256 191
21621,258 59
21622,261 130
21623,256 207
21624,257 15
21625,257 204
21626,258 144
21627,256 133
21628,256 55
21629,260 254
21630,259 88
21631,256 219
21632,261 68
21633,257 179
21634,261 195
21635,259 165
21636,257 235
21637,258 125
21638,259 8
21639,257 88
21640,260 162
21641,256 82
21642,261 120
21643,261 77
21644,257 36
21645,256 131
21646,258 9
21647,258 227
21648,260 70
21649,259 44
21650,256 94
21651,260 146
21652,259 250
21653,260 8
21654,257 238
21655,261 201
21656,256 227
21657,261 82
21658,260 194
21659,261 23
21660,257 202
21661,261 46
21662,261 189
21663,256 244
21664,260 235
21665,259 186
21666,260 118
21667,259 60
21668,261 210
21669,257 188
21670,256 38
21671,261 29
21672,260 87
21673,256 157
21674,257 21
21675,260 20
21676,257 227
21677,259 20
21678,261 156
21679,258 59
21680,261 9
21681,261 196
21682,257 165
21683,256 7
21684,260 49
21685,261 161
21686,257 60
21687,257 42
21688,259 199
21689,256 220
21690,258 148
21691,258 66
21692,259 63
21693,257 198
21694,258 158
21695,260 142
21696,257 215
21697,261 192
21698,259 16
21699,260 205
21700,259 233
21701,257 74
21702,258 120
21703,260 246
21704,261 54
21705,261 191
21706,260 189
21707,258 119
21708,256 132
21709,257 59
21710,259 36
21711,258 53
21712,256 104
21713,259 224
21714,259 197
21715,257 101
21716,260 33
21717,260 80
21718,259 253
21719,256 255
21720,258 229
21721,256 36
21722,261 71
21723,260 111
21724,257 234
21725,258 195
21726,260 153
21727,260 186
21728,256 40
21729,258 191
21730,258 28
21731,261 51
21732,260 148
21733,260 179
21734,258 228
21735,257 143
21736,261 77
21737,256 78
21738,259 1
21739,258 221
21740,258 250
21741,257 240
21742,259 14
21743,257 183
21744,258 91
21745,256 15
21746,256 19
21747,259 184
21748,258 201
21749,258 83
21750,259 93
21751,261 4
21752,261 30
21753,260 13
21754,261 175
21755,261 114
21756,259 77
21757,259 135
21758,260 216
21759,257 164
21760,256 159
21761,256 75
21762,256 170
21763,257 30
21764,258 87
21765,257 86
21766,258 204
21767,260 35
21768,257 62
21769,258 237
21770,260 230
21771,259 243
21772,256 70
21773,260 109
21774,258 47
21775,257 166
21776,260 97
21777,260 93
21778,256 68
21779,258 198
21780,260 34
21781,257 156
21782,257 228
21783,257 100
21784,257 197
21785,258 103
21786,259 239
21787,260 66
21788,257 215
21789,259 150
21790,256 205
21791,258 91
21792,257 101
21793,261 85
21794,256 6
21795,257 216
21796,260 148
21797,259 40
21798,256 202
21799,261 63
21800,257 0
21801,260 9
21802,257 161
21803,256 110
21804,260 55
21805,259 241
21806,261 135
21807,258 169
21808,256 61
21809,258 16
21810,260 49
21811,259 205
21812,260 227
21813,261 146
21814,257 47
21815,261 124
21816,258 104
21817,257 173
21818,258 64
21819,260 193
21820,259 167
21821,256 89
21822,259 243
21823,261 140
21824,260 202
21825,256 234
21826,257 131
21827,261 2
21828,259 73
21829,258 112
21830,259 115
21831,257 127
21832,257 163
21833,256 156
21834,258 90
21835,260 205
21836,256 41
21837,258 127
21838,261 255
21839,258 229
21840,261 185
21841,261 106
21842,256 148
21843,258 66
21844,258 67
21845,258 204
21846,256 186
21847,258 151
21848,261 133
21849,258 199
21850,257 167
21851,259 121
21852,261 70
21853,257 220
21854,256 145
21855,259 69
21856,256 1
21857,257 241
21858,261 51
21859,258 85
21860,260 210
21861,256 138
21862,258 21
21863,257 77
21864,259 10
21865,261 235
21866,257 232
21867,257 19
21868,257 198
21869,259 156
21870,256 41
21871,257 191
21872,257 100
21873,261 105
21874,257 199
21875,256 145
21876,258 181
21877,256 217
21878,261 150
21879,257 176
21880,261 85
21881,261 199
21882,259 193
21883,257 89
21884,258 111
21885,257 143
21886,261 119
21887,256 179
21888,259 230
21889,258 240
21890,256 171
21891,256 98
21892,256 170
21893,261 163
21894,259 120
21895,257 164
21896,259 175
21897,258 70
21898,260 152
21899,257 140
21900,257 197
21901,260 19
21902,259 1
21903,259 157
21904,259 82
21905,257 136
21906,259 137
21907,260 222
21908,259 170
21909,261 249
21910,257 50
21911,261 50
21912,257 132
21913,257 174
21914,256 119
21915,261 122
21916,256 199
21917,258 6
21918,261 189
21919,260 227
21920,259 182
21921,256 198
21922,256 191
21923,260 81
21924,259 41
21925,259 127
21926,256 158
21927,258 208
21928,258 96
21929,258 203
21930,257 229
21931,260 142
21932,259 173
21933,260 177
21934,260 174
21935,259 163
21936,261 223
21937,256 124
21938,260 183
21939,259 199
21940,256 81
21941,257 224
21942,257 19
21943,258 184
21944,260 243
21945,259 36
21946,256 200
21947,256 221
21948,261 164
21949,257 184
21950,256 135
21951,257 129
21952,257 217
21953,258 109
21954,256 73
21955,259 162
21956,259 69
21957,256 53
21958,259 131
21959,257 44
21960,257 4
21961,258 34
21962,256 63
21963,258 53
21964,261 143
21965,256 8
21966,260 65
21967,259 118
21968,256 107
21969,260 246
21970,261 20
21971,258 31
21972,258 88
21973,259 120
21974,260 154
21975,258 204
21976,257 122
21977,256 65
21978,256 131
21979,259 41
21980,259 198
21981,260 194
21982,258 193
21983,261 155
21984,258 153
21985,259 190
21986,256 225
21987,261 237
21988,256 81
21989,257 239
21990,256 220
21991,259 224
21992,260 84
21993,258 63
21994,256 196
21995,260 35
21996,261 207
21997,256 44
21998,257 114
21999,257 250
22000,260 29
22001,259 100
22002,258 0
22003,259 178
22004,260 167
22005,260 156
22006,259 193
22007,260 169
22008,259 168
22009,257 71
22010,259 8
22011,259 110
22012,260 31
22013,260 160
22014,260 227
22015,257 91
22016,259 232
22017,258 44
22018,256 164
22019,259 161
22020,260 191
22021,260 170
22022,257 215
22023,260 169
22024,261 162
22025,261 34
22026,261 7
22027,261 70
22028,259 217
22029,261 119
22030,259 102
22031,260 18
22032,256 160
22033,261 174
22034,259 65
22035,260 3
22036,261 40
22037,259 219
22038,260 221
22039,256 248
22040,259 128
22041,259 99
22042,260 11
22043,256 228
22044,259 139
22045,257 248
22046,256 173
22047,256 206
22048,261 28
22049,259 132
22050,258 238
22051,256 198
22052,259 222
22053,260 248
22054,261 223
22055,261 142
22056,261 147
22057,260 151
22058,258 204
22059,257 143
22060,258 235
22061,257 70
22062,257 105
22063,257 100
22064,256 230
22065,257 249
22066,261 189
22067,258 14
22068,256 129
22069,261 59
22070,261 90
22071,260 147
22072,260 58
22073,257 112
22074,258 79
22075,259 168
22076,258 151
22077,259 78
22078,261 232
22079,258 160
22080,260 179
22081,256 179
22082,261 30
22083,257 188
22084,258 154
22085,259 191
22086,256 85
22087,257 171
22088,257 228
22089,260 245
22090,259 198
22091,260 186
22092,259 208
22093,261 184
22094,260 178
22095,256 18
22096,258 230
22097,261 101
22098,260 58
22099,261 5
22100,261 213
22101,261 241
22102,256 129
22103,256 68
22104,256 7
22105,259 177
22106,259 107
22107,258 132
22108,257 59
22109,257 206
22110,260 41
22111,260 219
22112,259 14
22113,261 125
22114,259 84
22115,260 248
22116,256 63
22117,256 248
22118,256 85
22119,261 232
22120,260 38
22121,258 223
22122,258 95
22123,260 10
22124,261 158
22125,260 114
22126,258 35
22127,260 127
22128,261 94
22129,261 207
22130,257 36
22131,256 19
22132,258 133
22133,259 41
22134,256 50
22135,257 132
22136,256 201
22137,260 153
22138,261 135
22139,259 164
22140,260 158
22141,256 6
22142,258 141
22143,258 172
22144,256 53
22145,256 70
22146,257 52
22147,257 202
22148,260 52
22149,257 113
22150,256 119
22151,257 190
22152,256 129
22153,260 5
22154,259 110
22155,258 10
22156,259 124
22157,256 92
22158,261 6
22159,260 15
22160,258 145
22161,261 143
22162,257 68
22163,256 27
22164,256 241
22165,258 195
22166,258 168
22167,260 60
22168,258 221
22169,260 132
22170,257 29
22171,258 97
22172,256 212
22173,261 166
22174,260 124
22175,256 29
22176,258 151
22177,258 202
22178,260 161
22179,261 24
22180,257 191
22181,257 137
22182,261 137
22183,258 246
22184,258 114
22185,258 225
22186,261 253
22187,258 75
22188,257 93
22189,257 97
22190,260 206
22191,258 228
22192,258 8
22193,256 55
22194,261 135
22195,257 119
22196,258 54
22197,256 15
22198,259 57
22199,261 132
22200,258 210
22201,261 123
22202,256 183
22203,258 246
22204,260 161
22205,256 69
22206,261 103
22207,258 216
22208,259 198
22209,260 228
22210,261 128
22211,260 32
22212,256 197
22213,257 245
22214,261 85
22215,260 105
22216,259 141
22217,259 121
22218,258 10
22219,260 40
22220,256 194
22221,257 50
22222,260 219
22223,256 161
22224,256 80
22225,257 88
22226,256 190
22227,259 185
22228,261 239
22229,259 150
22230,261 18
22231,258 101
22232,256 46
22233,256 242
22234,258 179
22235,256 76
22236,257 52
22237,257 29
22238,260 136
22239,258 233
22240,261 62
22241,256 72
22242,259 122
22243,258 56
22244,259 135
22245,256 125
22246,260 94
22247,260 192
22248,258 58
22249,257 32
22250,257 66
22251,260 131
22252,260 124
22253,259 0
22254,261 51
22255,256 41
22256,256 191
22257,259 60
22258,256 87
22259,259 107
22260,259 243
22261,257 208
22262,259 252
22263,259 152
22264,258 44
22265,257 137
22266,259 0
22267,261 175
22268,259 236
22269,256 201
22270,257 165
22271,259 121
22272,261 27
22273,259 71
22274,256 184
22275,261 141
22276,259 101
22277,256 190
22278,259 162
22279,260 49
22280,258 119
22281,260 51
22282,257 197
22283,261 133
22284,261 101
22285,261 68
22286,260 73
22287,261 92
22288,261 46
22289,257 171
22290,259 37
22291,258 207
22292,258 26
22293,257 237
22294,259 24
22295,256 67
22296,260 127
22297,256 204
22298,259 222
22299,261 149
22300,257 19
22301,256 11
22302,256 204
22303,261 145
22304,260 228
22305,260 143
22306,260 165
22307,258 229
22308,257 155
22309,260 231
22310,258 87
22311,260 70
22312,261 153
22313,256 221
22314,258 229
22315,257 95
22316,257 42
22317,259 119
22318,257 183
22319,261 222
22320,258 188
22321,257 167
22322,259 29
22323,257 156
22324,261 247
22325,256 141
22326,259 163
22327,256 192
22328,256 12
22329,261 243
22330,259 161
22331,261 91
22332,256 164
22333,258 136
22334,258 20
22335,258 221
22336,257 67
22337,257 231
22338,257 174
22339,261 94
22340,259 4
22341,261 124
22342,257 174
22343,256 149
22344,259 11
22345,258 210
22346,259 228
22347,260 11
22348,260 1
22349,257 216
22350,261 3
22351,257 207
22352,259 145
22353,260 46
22354,256 19
22355,260 197
22356,256 155
22357,257 133
22358,259 178
22359,261 84
22360,256 178
22361,261 161
22362,260 107
22363,256 6
22364,257 5
22365,256 135
22366,259 96
22367,260 101
22368,257 200
22369,259 245
22370,256 1
22371,257 43
22372,259 217
22373,259 20
22374,260 145
22375,258 134
22376,257 11
22377,259 21
22378,257 184
22379,256 9
22380,256 114
22381,261 41
22382,256 91
22383,259 144
22384,260 149
22385,257 251
22386,257 128
22387,260 50
22388,256 87
22389,260 159
22390,260 243
22391,258 248
22392,256 3
22393,256 164
22394,257 244
22395,257 2
22396,258 203
22397,257 181
22398,258 27
22399,256 82
22400,256 170
22401,260 248
22402,259 79
22403,258 89
22404,257 112
22405,260 25
22406,258 100
22407,259 16
22408,258 111
22409,261 177
22410,261 200
22411,258 33
22412,258 15
22413,257 113
22414,256 88
22415,260 132
22416,261 60
22417,260 68
22418,258 61
22419,260 132
22420,259 119
22421,258 89
22422,259 113
22423,260 19
22424,259 7
22425,261 185
22426,259 66
22427,257 228
22428,257 121
22429,256 226
22430,261 250
22431,256 173
22432,256 132
22433,261 139
22434,260 138
22435,256 142
22436,259 253
22437,259 139
22438,259 197
22439,257 122
22440,259 99
22441,259 128
22442,256 172
22443,260 37
22444,261 59
22445,260 184
22446,258 187
22447,259 202
22448,260 58
22449,260 121
22450,261 68
22451,257 211
22452,261 7
22453,257 161
22454,256 77
22455,258 59
22456,256 253
22457,260 68
22458,258 111
22459,259 41
22460,261 63
22461,259 192
22462,257 190
22463,259 31
22464,258 23
22465,257 103
22466,261 165
22467,259 196
22468,261 82
22469,260 188
22470,258 76
22471,259 26
22472,257 40
22473,261 230
22474,260 238
22475,258 173
22476,256 228
22477,257 205
22478,261 50
22479,259 3
22480,256 78
22481,261 9
22482,261 114
22483,256 111
22484,261 143
22485,257 157
22486,258 132
22487,258 247
22488,260 23
22489,261 26
22490,259 102
22491,258 244
22492,260 188
22493,259 168
22494,256 238
22495,256 176
22496,259 12
22497,259 30
22498,261 87
22499,259 16
22500,258 159
22501,257 18
22502,258 74
22503,259 24
22504,256 212
22505,261 147
22506,261 203
22507,260 215
22508,256 73
22509,258 0
22510,259 17
22511,256 16
22512,260 249
22513,257 29
22514,256 70
22515,261 160
22516,258 213
22517,257 101
22518,260 172
22519,258 124
22520,261 65
22521,260 55
22522,256 165
22523,260 208
22524,260 187
22525,256 84
22526,259 158
22527,258 137
22528,257 176
22529,256 224
22530,257 214
22531,257 94
22532,261 49
22533,258 200
22534,257 138
22535,257 40
22536,257 21
22537,258 68
22538,259 240
22539,260 11
22540,259 178
22541,259 230
22542,257 25
22543,257 207
22544,259 66
22545,256 89
22546,258 160
22547,258 100
22548,260 158
22549,257 196
22550,257 182
22551,259 113
22552,258 218
22553,257 133
22554,258 249
22555,259 114
22556,256 246
22557,261 164
22558,257 41
22559,260 177
22560,261 180
22561,256 56
22562,257 156
22563,261 48
22564,257 51
22565,258 170
22566,261 17
22567,256 81
22568,257 235
22569,260 127
22570,256 60
22571,257 186
22572,261 58
22573,256 24
22574,257 50
22575,257 226
22576,257 121
22577,261 158
22578,260 130
22579,259 52
22580,257 108
22581,261 251
22582,260 170
22583,257 172
22584,258 117
22585,259 155
22586,256 67
22587,258 116
22588,259 213
22589,260 89
22590,261 246
22591,260 207
22592,257 242
22593,258 203
22594,261 35
22595,260 99
22596,261 110
22597,259 219
22598,257 221
22599,257 168
22600,257 112
22601,259 88
22602,260 130
22603,261 26
22604,258 133
22605,261 243
22606,257 48
22607,256 104
22608,260 240
22609,257 201
22610,258 207
22611,259 191
22612,258 62
22613,258 124
22614,256 109
22615,257 242
22616,257 160
22617,260 121
22618,261 54
22619,257 26
22620,261 44
22621,256 218
22622,256 53
22623,256 237
22624,261 41
22625,258 28
22626,260 169
22627,260 232
22628,257 8
22629,261 143
22630,256 166
22631,256 19
22632,261 145
22633,258 47
22634,257 68
22635,260 233
22636,257 137
22637,261 86
22638,257 143
22639,260 191
22640,259 192
22641,258 113
22642,259 13
22643,261 170
22644,257 83
22645,259 175
22646,259 123
22647,259 184
22648,260 154
22649,260 77
22650,256 21
22651,258 13
22652,257 254
22653,258 241
22654,259 158
22655,261 47
22656,261 188
22657,258 73
22658,259 235
22659,257 138
22660,258 70
22661,260 208
22662,256 159
22663,257 6
22664,261 210
22665,260 111
22666,260 118
22667,256 46
22668,260 71
22669,258 101
22670,259 54
22671,259 72
22672,259 137
22673,260 171
22674,260 36
22675,260 85
22676,256 228
22677,261 174
22678,256 171
22679,261 227
22680,261 25
22681,258 47
22682,258 118
22683,256 33
22684,258 60
22685,256 140
22686,260 55
22687,258 158
22688,257 117
22689,257 204
22690,259 234
22691,260 173
22692,258 73
22693,261 59
22694,260 52
22695,256 71
22696,259 12
22697,260 77
22698,257 64
22699,256 248
22700,258 143
22701,260 73
22702,256 52
22703,261 32
22704,261 47
22705,256 198
22706,257 28
22707,258 150
22708,256 235
22709,261 9
22710,259 239
22711,259 136
22712,260 10
22713,257 227
22714,261 0
22715,259 16
22716,261 133
22717,259 124
22718,257 11
22719,257 224
22720,256 67
22721,256 59
22722,258 167
22723,260 9
22724,261 211
22725,261 191
22726,261 202
22727,259 170
22728,259 46
22729,258 142
22730,260 186
22731,261 29
22732,257 189
22733,259 236
22734,257 133
22735,257 230
22736,260 156
22737,256 13
22738,256 224
22739,258 123
22740,259 223
22741,258 129
22742,260 16
22743,257 172
22744,258 79
22745,260 155
22746,261 45
22747,261 59
22748,256 229
22749,260 55
22750,260 242
22751,257 252
22752,260 253
22753,256 6
22754,257 230
22755,260 113
22756,256 0
22757,256 97
22758,256 128
22759,256 212
22760,261 253
22761,256 61
22762,259 173
22763,256 250
22764,257 125
22765,259 190
22766,256 203
22767,260 121
22768,256 130
22769,260 136
22770,256 253
22771,258 10
22772,261 116
22773,261 204
22774,259 114
22775,261 2
22776,260 127
22777,261 179
22778,258 7
22779,258 109
22780,259 148
22781,259 150
22782,258 77
22783,261 23
22784,259 29
22785,256 59
22786,259 237
22787,260 142
22788,257 11
22789,258 249
22790,256 240
22791,256 248
22792,257 211
22793,261 119
22794,260 86
22795,257 54
22796,260 135
22797,258 114
22798,260 21
22799,260 183
22800,256 21
22801,256 186
22802,258 96
22803,261 255
22804,259 93
22805,260 85
22806,256 213
22807,261 174
22808,261 168
22809,257 113
22810,256 235
22811,256 150
22812,261 188
22813,258 149
22814,257 196
22815,260 55
22816,257 132
22817,256 66
22818,261 66
22819,260 163
22820,260 14
22821,260 243
22822,258 236
22823,256 155
22824,257 96
22825,260 32
22826,260 34
22827,257 124
22828,257 99
22829,258 189
22830,260 153
22831,258 61
22832,258 210
22833,261 97
22834,259 26
22835,257 145
22836,257 9
22837,259 249
22838,261 14
22839,257 5
22840,259 13
22841,259 202
22842,260 71
22843,256 144
22844,257 50
22845,258 21
22846,261 14
22847,259 3
22848,258 57
22849,261 160
22850,256 110
22851,259 71
22852,256 191
22853,256 15
22854,258 65
22855,259 79
22856,259 108
22857,257 170
22858,260 112
22859,257 67
22860,257 36
22861,257 28
22862,256 121
22863,261 40
22864,256 59
22865,256 55
22866,259 28
22867,261 45
22868,259 102
22869,258 202
22870,257 209
22871,259 73
22872,256 231
22873,259 29
22874,259 92
22875,261 220
22876,256 56
22877,261 154
22878,261 167
22879,261 127
22880,261 39
22881,260 181
22882,259 188
22883,258 43
22884,261 51
22885,261 30
22886,256 117
22887,257 121
22888,260 145
22889,256 210
22890,257 81
22891,261 135
22892,257 44
22893,259 139
22894,261 127
22895,256 215
22896,261 149
22897,258 179
22898,261 250
22899,260 54
22900,261 159
22901,260 203
22902,261 103
22903,260 110
22904,260 36
22905,261 245
22906,259 251
22907,259 98
22908,260 63
22909,260 13
22910,259 152
22911,259 208
22912,259 226
22913,256 126
22914,256 248
22915,259 217
22916,259 157
22917,258 201
22918,257 136
22919,257 11
22920,258 1
22921,258 97
22922,261 73
22923,258 140
22924,256 235
22925,256 77
22926,258 223
22927,261 166
22928,257 175
22929,257 199
22930,257 169
22931,257 202
22932,261 222
22933,257 184
22934,257 119
22935,256 215
22936,259 42
22937,256 201
22938,261 73
22939,261 51
22940,261 167
22941,259 121
22942,258 49
22943,256 253
22944,256 97
22945,256 81
22946,257 49
22947,260 113
22948,260 12
22949,259 75
22950,260 180
22951,257 73
22952,261 67
22953,260 236
22954,259 11
22955,260 160
22956,258 159
22957,256 168
22958,261 249
22959,259 178
22960,259 156
22961,261 160
22962,260 64
22963,258 124
22964,257 10
22965,259 187
22966,257 190
22967,261 23
22968,261 145
22969,256 188
22970,261 122
22971,258 71
22972,261 123
22973,261 205
22974,258 206
22975,258 168
22976,261 194
22977,258 163
22978,258 118
22979,260 107
22980,259 47
22981,260 49
22982,259 45
22983,259 132
22984,259 245
22985,261 147
22986,258 62
22987,256 214
22988,256 19
22989,257 164
22990,261 20
22991,258 151
22992,260 114
22993,256 103
22994,258 184
22995,259 26
22996,257 135
22997,259 53
22998,261 213
22999,259 176
23000,257 235
23001,257 91
23002,257 150
23003,259 63
23004,256 54
23005,259 157
23006,258 148
23007,261 215
23008,261 7
23009,261 194
23010,256 152
23011,256 86
23012,260 16
23013,258 29
23014,258 223
23015,257 224
23016,256 137
23017,259 194
23018,259 57
23019,256 201
23020,257 96
23021,256 207
23022,261 33
23023,256 50
23024,256 18
23025,256 2
23026,257 171
23027,261 102
23028,259 248
23029,256 123
23030,257 238
23031,261 211
23032,260 125
23033,260 97
23034,257 53
23035,256 32
23036,258 127
23037,257 225
23038,256 49
23039,260 174
23040,258 219
23041,257 154
23042,261 236
23043,256 154
23044,257 217
23045,257 135
23046,259 51
23047,258 14
23048,256 8
23049,256 241
23050,260 200
23051,259 94
23052,259 172
23053,258 250
23054,257 125
23055,257 94
23056,260 222
23057,259 210
23058,256 22
23059,261 220
23060,257 253
23061,260 147
23062,258 149
23063,257 37
23064,260 1
23065,261 116
23066,259 67
23067,261 28
23068,257 236
23069,258 178
23070,258 157
23071,256 48
23072,258 75
23073,261 114
23074,259 6
23075,261 56
23076,259 146
23077,257 119
23078,259 200
23079,260 15
23080,260 208
23081,257 101
23082,259 229
23083,258 128
23084,257 237
23085,258 250
23086,256 172
23087,258 185
23088,259 129
23089,258 115
23090,261 22
23091,256 111
23092,257 243
23093,259 251
23094,259 112
23095,257 117
23096,257 106
23097,260 229
23098,260 187
23099,260 74
23100,258 194
23101,256 15
23102,259 220
23103,261 2
23104,261 141
23105,256 172
23106,259 125
23107,259 133
23108,261 223
23109,256 75
23110,259 58
23111,256 247
23112,256 85
23113,259 235
23114,261 125
23115,261 226
23116,261 164
23117,261 103
23118,258 29
23119,260 92
23120,260 170
23121,256 126
23122,259 171
23123,256 75
23124,259 184
23125,257 97
23126,260 254
23127,260 133
23128,259 159
23129,256 113
23130,256 108
23131,258 103
23132,256 175
23133,256 155
23134,260 184
23135,260 38
23136,257 187
23137,258 133
23138,260 169
23139,260 240
23140,260 195
23141,259 116
23142,258 220
23143,261 165
23144,260 225
23145,261 161
23146,259 48
23147,257 190
23148,261 161
23149,258 93
23150,260 234
23151,261 163
23152,261 206
23153,257 70
23154,257 118
23155,261 145
23156,259 100
23157,259 104
23158,259 89
23159,261 199
23160,258 59
23161,257 2
23162,256 182
23163,256 156
23164,257 149
23165,257 92
23166,261 135
23167,261 193
23168,259 149
23169,261 217
23170,257 101
23171,258 193
23172,257 93
23173,260 56
23174,257 125
23175,256 140
23176,261 83
23177,259 172
23178,260 14
23179,259 151
23180,258 195
23181,259 60
23182,259 148
23183,259 234
23184,257 232
23185,256 156
23186,256 124
23187,259 29
23188,256 13
23189,259 103
23190,261 243
23191,258 27
23192,257 81
23193,259 109
23194,261 74
23195,258 53
23196,256 63
23197,261 123
23198,256 233
23199,261 212
23200,259 65
23201,259 221
23202,257 206
23203,259 214
23204,260 173
23205,256 111
23206,260 37
23207,261 107
23208,261 225
23209,257 255
23210,260 90
23211,259 248
23212,261 180
23213,260 103
23214,261 201
23215,258 75
23216,257 57
23217,261 139
23218,259 224
23219,257 65
23220,257 139
23221,258 41
23222,256 89
23223,259 147
23224,261 43
23225,256 49
23226,257 236
23227,258 106
23228,261 39
23229,260 6
23230,256 134
23231,256 2
23232,256 10
23233,260 226
23234,261 0
23235,261 100
23236,261 77
23237,259 69
23238,259 212
23239,259 20
23240,259 214
23241,261 25
23242,256 72
23243,261 50
23244,258 175
23245,258 7
23246,258 29
23247,259 96
23248,259 8
23249,257 27
23250,256 169
23251,258 134
23252,258 46
23253,258 173
23254,256 242
23255,261 46
23256,257 4
23257,260 60
23258,258 49
23259,256 25
23260,257 54
23261,256 175
23262,260 211
23263,259 78
23264,258 34
23265,256 23
23266,257 220
23267,261 186
23268,258 56
23269,260 250
23270,261 71
23271,258 39
23272,260 82
23273,259 196
23274,259 191
23275,261 31
23276,260 57
23277,257 198
23278,259 210
23279,256 4
23280,261 96
23281,261 15
23282,259 129
23283,256 111
23284,261 135
23285,256 227
23286,259 190
23287,259 157
23288,257 210
23289,257 165
23290,261 63
23291,256 135
23292,258 130
23293,258 137
23294,260 202
23295,257 218
23296,258 96
23297,260 66
23298,260 195
23299,259 253
23300,256 133
23301,259 164
23302,260 179
23303,259 212
23304,258 12
23305,261 213
23306,261 21
23307,257 226
23308,261 233
23309,260 147
23310,256 143
23311,256 18
23312,259 212
23313,261 165
23314,257 113
23315,258 53
23316,256 38
23317,257 114
23318,256 22
23319,258 1
23320,260 253
23321,257 113
23322,258 145
23323,257 33
23324,261 14
23325,261 207
23326,260 179
23327,261 168
23328,257 1
23329,260 139
23330,256 88
23331,257 235
23332,260 40
23333,261 232
23334,256 133
23335,261 154
23336,256 17
23337,259 239
23338,261 213
23339,261 162
23340,260 31
23341,257 98
23342,259 41
23343,257 34
23344,261 59
23345,259 88
23346,260 164
23347,261 137
23348,257 84
23349,258 116
23350,259 110
23351,261 167
23352,261 37
23353,256 78
23354,260 175
23355,261 61
23356,256 140
23357,256 156
23358,258 222
23359,257 89
23360,259 103
23361,261 48
23362,257 63
23363,257 152
23364,259 182
23365,259 196
23366,258 40
23367,259 10
23368,261 131
23369,256 63
23370,259 121
23371,258 82
23372,256 205
23373,258 231
23374,257 92
23375,257 78
23376,260 116
23377,256 160
23378,261 42
23379,261 84
23380,261 221
23381,256 54
23382,260 20
23383,256 209
23384,261 223
23385,258 88
23386,257 246
23387,259 215
23388,258 27
23389,261 177
23390,256 101
23391,259 239
23392,260 219
23393,259 79
23394,257 224
23395,258 51
23396,261 29
23397,257 69
23398,257 188
23399,257 131
23400,256 88
23401,260 63
23402,260 47
23403,257 105
23404,261 49
23405,261 94
23406,257 144
23407,256 239
23408,259 32
23409,261 173
23410,259 177
23411,259 119
23412,259 200
23413,260 249
23414,257 239
23415,259 109
23416,256 117
23417,259 215
23418,258 84
23419,256 85
23420,257 8
23421,258 50
23422,256 235
23423,260 140
23424,261 75
23425,256 159
23426,261 34
23427,256 190
23428,261 109
23429,257 80
23430,256 223
23431,261 243
23432,259 32
23433,261 114
23434,260 150
23435,260 170
23436,261 150
23437,261 68
23438,257 148
23439,256 95
23440,258 105
23441,260 45
23442,260 75
23443,257 139
23444,258 26
23445,258 178
23446,261 64
23447,261 218
23448,258 167
23449,258 252
23450,260 9
23451,259 67
23452,256 140
23453,261 103
23454,261 93
23455,259 47
23456,257 11
23457,261 52
23458,259 49
23459,259 215
23460,256 146
23461,261 90
23462,257 102
23463,261 154
23464,258 188
23465,259 42
23466,257 126
23467,258 219
23468,259 22
23469,261 28
23470,260 100
23471,261 182
23472,256 191
23473,257 11
23474,257 42
23475,260 159
23476,258 149
23477,259 201
23478,257 97
23479,256 167
23480,261 109
23481,261 167
23482,261 102
23483,256 20
23484,260 146
23485,258 123
23486,257 179
23487,261 121
23488,256 148
23489,259 61
23490,256 55
23491,260 113
23492,258 22
23493,258 47
23494,259 32
23495,261 198
23496,256 39
23497,257 68
23498,257 169
23499,258 141
23500,256 88
23501,260 41
23502,256 226
23503,261 142
23504,260 148
23505,261 44
23506,259 99
23507,260 252
23508,260 123
23509,261 219
23510,258 136
23511,257 83
23512,260 177
23513,261 34
23514,259 141
23515,257 230
23516,257 111
23517,256 62
23518,256 174
23519,256 108
23520,258 69
23521,257 198
23522,257 34
23523,259 153
23524,259 223
23525,260 172
23526,256 151
23527,256 149
23528,258 46
23529,261 230
23530,259 140
23531,261 215
23532,256 81
23533,256 55
23534,256 157
23535,257 189
23536,261 36
23537,259 49
23538,258 173
23539,257 225
23540,261 75
23541,259 121
23542,256 130
23543,261 11
23544,261 22
23545,258 227
23546,257 53
23547,261 59
23548,259 166
23549,259 226
23550,257 152
23551,261 39
23552,257 37
23553,259 118
23554,256 98
23555,256 50
23556,259 244
23557,258 131
23558,261 206
23559,261 182
23560,256 55
23561,258 71
23562,261 12
23563,260 26
23564,260 4
23565,258 81
23566,258 140
23567,259 28
23568,259 47
23569,261 54
23570,261 32
23571,258 70
23572,259 127
23573,256 229
23574,257 118
23575,260 109
23576,260 179
23577,257 75
23578,256 100
23579,258 191
23580,257 170
23581,256 191
23582,259 6
23583,258 169
23584,261 157
23585,259 80
23586,259 167
23587,258 184
23588,259 56
23589,261 251
23590,259 2
23591,260 39
23592,260 252
23593,256 100
23594,257 65
23595,260 189
23596,259 65
23597,256 136
23598,260 209
23599,261 67
23600,260 186
23601,260 148
23602,260 245
23603,260 154
23604,259 83
23605,259 215
23606,261 168
23607,260 72
23608,259 213
23609,257 105
23610,261 50
23611,258 5
23612,261 153
23613,257 15
23614,261 150
23615,258 148
23616,258 62
23617,260 114
23618,258 165
23619,259 254
23620,261 42
23621,258 172
23622,261 105
23623,260 244
23624,261 77
23625,257 202
23626,257 51
23627,261 238
23628,257 103
23629,256 176
23630,256 118
23631,258 73
23632,259 208
23633,259 161
23634,259 74
23635,259 132
23636,259 125
23637,260 60
23638,258 50
23639,256 89
23640,259 191
23641,260 182
23642,259 137
23643,260 72
23644,259 2
23645,259 175
23646,259 175
23647,260 229
23648,259 127
23649,260 213
23650,257 208
23651,260 237
23652,256 171
23653,257 68
23654,256 244
23655,257 252
23656,261 207
23657,261 79
23658,261 159
23659,260 101
23660,259 34
23661,261 35
23662,257 49
23663,257 134
23664,261 68
23665,257 107
23666,258 218
23667,256 164
23668,259 244
23669,261 241
23670,260 201
23671,257 12
23672,257 105
23673,256 214
23674,261 230
23675,257 43
23676,261 158
23677,256 227
23678,259 67
23679,258 188
23680,256 124
23681,258 18
23682,257 31
23683,259 75
23684,259 182
23685,256 68
23686,259 13
23687,261 172
23688,256 191
23689,261 216
23690,256 176
23691,256 32
23692,259 43
23693,256 123
23694,261 31
23695,258 81
23696,258 107
23697,257 127
23698,260 198
23699,260 78
23700,261 170
23701,260 138
23702,257 125
23703,259 64
23704,261 67
23705,259 91
23706,260 21
23707,259 120
23708,261 23
23709,260 16
23710,261 142
23711,257 25
23712,256 183
23713,257 24
23714,260 201
23715,260 111
23716,261 37
23717,259 193
23718,256 86
23719,259 191
23720,256 173
23721,261 17
23722,258 198
23723,256 37
23724,261 10
23725,260 88
23726,258 137
23727,261 192
23728,258 228
23729,258 164
23730,259 78
23731,258 82
23732,259 81
23733,259 13
23734,256 117
23735,260 0
23736,259 240
23737,260 129
23738,261 246
23739,256 225
23740,256 195
23741,260 128
23742,257 213
23743,257 154
23744,256 214
23745,256 246
23746,258 8
23747,260 13
23748,259 112
23749,258 34
23750,261 111
23751,256 4
23752,260 64
23753,256 54
23754,259 49
23755,261 66
23756,256 213
23757,260 30
23758,261 161
23759,257 107
23760,261 79
23761,256 158
23762,258 149
23763,261 182
23764,258 23
23765,257 181
23766,259 181
23767,261 73
23768,257 10
23769,256 240
23770,256 59
23771,261 193
23772,259 102
23773,257 31
23774,260 38
23775,259 60
23776,258 104
23777,261 149
23778,261 216
23779,256 239
23780,261 109
23781,261 229
23782,257 175
23783,256 21
23784,257 246
23785,256 206
23786,259 242
23787,261 205
23788,259 237
23789,258 180
23790,256 67
23791,256 38
23792,259 22
23793,257 236
23794,258 95
23795,257 119
23796,260 105
23797,259 176
23798,260 217
23799,260 199
23800,260 225
23801,261 125
23802,259 38
23803,261 217
23804,256 241
23805,258 64
23806,256 26
23807,261 31
23808,261 160
23809,261 122
23810,261 183
23811,256 182
23812,259 15
23813,260 89
23814,260 230
23815,258 32
23816,257 224
23817,258 105
23818,257 125
23819,260 100
23820,257 197
23821,257 69
23822,261 180
23823,256 201
23824,257 38
23825,256 136
23826,260 211
23827,257 75
23828,257 176
23829,257 223
23830,258 215
23831,258 151
23832,258 59
23833,258 231
23834,260 76
23835,256 18
23836,261 70
23837,259 86
23838,257 149
23839,258 64
23840,259 23
23841,258 133
23842,258 99
23843,257 155
23844,259 39
23845,259 98
23846,261 31
23847,259 160
23848,261 104
23849,257 102
23850,256 121
23851,259 173
23852,259 154
23853,258 255
23854,257 99
23855,256 232
23856,261 179
23857,261 170
23858,259 56
23859,259 94
23860,258 22
23861,259 153
23862,258 189
23863,261 3
23864,260 17
23865,258 154
23866,260 84
23867,259 61
23868,261 240
23869,261 186
23870,261 129
23871,259 61
23872,257 138
23873,261 179
23874,258 158
23875,261 47
23876,259 36
23877,257 56
23878,259 94
23879,256 33
23880,258 11
23881,261 174
23882,259 123
23883,257 19
23884,256 57
23885,258 214
23886,260 170
23887,260 155
23888,259 247
23889,257 132
23890,256 185
23891,258 23
23892,257 63
23893,256 102
23894,257 119
23895,258 72
23896,261 86
23897,259 110
23898,258 181
23899,260 212
23900,257 235
23901,258 105
23902,256 148
23903,257 19
23904,258 159
23905,258 221
23906,260 233
23907,260 29
23908,257 211
23909,258 37
23910,257 99
23911,260 254
23912,261 29
23913,259 118
23914,258 206
23915,258 140
23916,258 188
23917,259 62
23918,257 139
23919,257 53
23920,256 241
23921,261 4
23922,259 33
23923,261 210
23924,259 14
23925,260 196
23926,256 134
23927,256 81
23928,256 177
23929,259 100
23930,259 122
23931,260 184
23932,258 96
23933,261 194
23934,259 15
23935,259 223
23936,257 160
23937,257 118
23938,260 73
23939,259 227
23940,258 29
23941,258 73
23942,256 101
23943,256 34
23944,259 136
23945,258 0
23946,259 44
23947,257 85
23948,257 74
23949,257 242
23950,256 115
23951,260 12
23952,256 37
23953,260 147
23954,260 157
23955,256 163
23956,259 102
23957,257 227
23958,258 200
23959,258 120
23960,259 60
23961,259 109
23962,260 253
23963,256 239
23964,258 102
23965,259 74
23966,257 122
23967,260 159
23968,260 60
23969,258 78
23970,259 5
23971,257 155
23972,257 204
23973,259 86
23974,261 214
23975,261 200
23976,258 138
23977,256 87
23978,261 130
23979,258 177
23980,256 218
23981,258 176
23982,261 248
23983,256 52
23984,261 96
23985,261 216
23986,256 123
23987,258 22
23988,260 230
23989,260 105
23990,261 52
23991,260 72
23992,260 75
23993,256 34
23994,257 174
23995,257 108
23996,256 193
23997,258 103
23998,257 105
23999,257 238
24000,259 73
24001,256 81
24002,256 100
24003,260 180
24004,258 68
24005,261 83
24006,259 34
24007,256 58
24008,260 121
24009,258 21
24010,259 174
24011,256 173
24012,260 238
24013,260 249
24014,261 153
24015,256 67
24016,259 112
24017,257 116
24018,261 238
24019,257 240
24020,256 168
24021,259 45
24022,259 154
24023,256 60
24024,256 38
24025,261 138
24026,256 201
24027,261 198
24028,261 163
24029,259 38
24030,256 57
24031,259 202
24032,257 131
24033,260 70
24034,258 112
24035,259 182
24036,256 73
24037,259 90
24038,257 110
24039,257 147
24040,256 128
24041,261 29
24042,259 63
24043,258 221
24044,261 87
24045,260 210
24046,259 130
24047,257 12
24048,259 236
24049,258 196
24050,257 198
24051,260 236
24052,261 10
24053,258 251
24054,259 100
24055,256 126
24056,256 202
24057,259 216
24058,257 34
24059,261 251
24060,256 108
24061,259 245
24062,261 208
24063,257 78
24064,261 74
24065,260 144
24066,260 179
24067,261 2
24068,259 189
24069,256 89
24070,259 88
24071,256 126
24072,260 95
24073,258 96
24074,258 56
24075,257 27
24076,256 244
24077,260 132
24078,258 68
24079,260 100
24080,260 241
24081,260 160
24082,259 57
24083,259 126
24084,257 97
24085,258 84
24086,256 86
24087,261 168
24088,259 171
24089,257 40
24090,261 217
24091,260 53
24092,256 106
24093,258 103
24094,257 95
24095,258 119
24096,256 102
24097,259 237
24098,260 252
24099,258 142
24100,259 95
24101,258 210
24102,260 186
24103,260 243
24104,260 45
24105,261 153
24106,257 204
24107,258 77
24108,256 114
24109,257 93
24110,256 159
24111,258 221
24112,258 224
24113,257 30
24114,257 157
24115,259 145
24116,260 197
24117,260 43
24118,257 78
24119,257 131
24120,259 114
24121,257 69
24122,259 36
24123,257 130
24124,261 152
24125,261 242
24126,260 31
24127,260 224
24128,258 194
24129,261 57
24130,259 25
24131,257 170
24132,258 139
24133,256 154
24134,258 102
24135,257 252
24136,260 21
24137,256 16
24138,256 33
24139,257 27
24140,258 11
24141,256 107
24142,261 55
24143,256 141
24144,258 32
24145,261 78
24146,258 40
24147,259 72
24148,256 202
24149,260 168
24150,261 3
24151,258 202
24152,259 189
24153,258 99
24154,261 9
24155,257 152
24156,260 95
24157,256 177
24158,256 21
24159,259 132
24160,260 50
24161,256 41
24162,260 154
24163,259 188
24164,256 253
24165,256 155
24166,257 233
24167,259 115
24168,261 25
24169,261 87
24170,257 13
24171,260 186
24172,259 71
24173,261 67
24174,256 95
24175,257 197
24176,256 223
24177,256 251
24178,261 181
24179,260 190
24180,257 63
24181,257 229
24182,260 198
24183,259 229
24184,259 225
24185,260 228
24186,258 32
24187,260 151
24188,256 86
24189,261 34
24190,258 206
24191,257 127
24192,256 46
24193,259 15
24194,257 146
24195,258 2
24196,259 140
24197,261 145
24198,259 73
24199,260 193
24200,260 210
24201,256 14
24202,257 218
24203,259 164
24204,257 187
24205,257 190
24206,260 208
24207,256 218
24208,260 207
24209,260 111
24210,261 127
24211,257 197
24212,260 246
24213,257 177
24214,256 67
24215,258 173
24216,261 170
24217,258 21
24218,259 82
24219,257 197
24220,259 1
24221,257 231
24222,261 34
24223,256 203
24224,258 147
24225,261 154
24226,256 86
24227,257 85
24228,261 238
24229,261 205
24230,258 197
24231,261 159
24232,260 43
24233,260 160
24234,260 1
24235,260 91
24236,258 204
24237,261 183
24238,256 112
24239,258 221
24240,259 234
24241,259 44
24242,257 226
24243,256 167
24244,258 122
24245,261 79
24246,260 62
24247,256 43
24248,260 22
24249,258 238
24250,258 155
24251,258 81
24252,261 148
24253,260 133
24254,256 242
24255,258 3
24256,257 100
24257,259 146
24258,256 58
24259,259 224
24260,258 120
24261,258 244
24262,260 151
24263,257 212
24264,257 41
24265,259 3
24266,259 239
24267,256 41
24268,261 106
24269,257 205
24270,257 11
24271,259 98
24272,256 46
24273,261 178
24274,256 30
24275,257 230
24276,261 215
24277,258 54
24278,256 85
24279,261 88
24280,257 29
24281,259 212
24282,259 200
24283,261 15
24284,257 174
24285,260 37
24286,261 232
24287,258 34
24288,256 140
24289,261 157
24290,257 87
24291,256 235
24292,260 219
24293,256 190
24294,260 179
24295,261 251
24296,261 164
24297,256 120
24298,257 195
24299,261 225
24300,260 213
24301,259 36
24302,261 26
24303,259 58
24304,257 95
24305,259 60
24306,260 19
24307,260 253
24308,260 85
24309,259 207
24310,256 193
24311,259 219
24312,258 105
24313,258 86
24314,256 55
24315,257 63
24316,256 30
24317,259 85
24318,259 57
24319,261 65
24320,261 154
24321,261 252
24322,260 69
24323,259 147
24324,259 230
24325,257 182
24326,256 133
24327,259 58
24328,256 11
24329,260 79
24330,261 12
24331,258 154
24332,260 88
24333,257 34
24334,257 126
24335,258 56
24336,257 199
24337,260 128
24338,261 3
24339,257 29
24340,256 57
24341,259 56
24342,259 20
24343,256 205
24344,259 28
24345,257 241
24346,260 154
24347,260 68
24348,256 158
24349,257 197
24350,260 100
24351,258 91
24352,256 130
24353,261 76
24354,261 225
24355,256 142
24356,260 70
24357,260 254
24358,259 180
24359,256 9
24360,259 33
24361,258 161
24362,256 139
24363,259 120
24364,257 16
24365,257 51
24366,257 67
24367,259 237
24368,256 246
24369,257 115
24370,259 82
24371,260 238
24372,260 137
24373,261 3
24374,259 249
24375,257 117
24376,257 141
24377,258 203
24378,257 179
24379,258 109
24380,258 152
24381,258 10
24382,259 241
24383,261 9
24384,260 94
24385,259 69
24386,259 6
24387,258 232
24388,256 70
24389,260 7
24390,256 225
24391,256 241
24392,257 193
24393,256 18
24394,258 243
24395,257 99
24396,260 164
24397,259 131
24398,256 93
24399,260 107
24400,259 129
24401,257 1
24402,257 70
24403,261 83
24404,261 198
24405,260 245
24406,256 245
24407,257 10
24408,256 10
24409,260 121
24410,258 22
24411,256 175
24412,256 228
24413,256 92
24414,258 49
24415,258 68
24416,259 48
24417,260 124
24418,261 83
24419,261 198
24420,258 144
24421,258 89
24422,258 102
24423,260 71
24424,259 155
24425,258 149
24426,261 171
24427,257 203
24428,258 9
24429,256 199
24430,259 107
24431,256 4
24432,259 196
24433,259 213
24434,256 198
24435,260 35
24436,257 174
24437,260 200
24438,261 41
24439,260 117
24440,258 148
24441,259 186
24442,258 232
24443,258 101
24444,261 133
24445,258 87
24446,261 0
24447,261 39
24448,257 157
24449,260 32
24450,258 233
24451,258 37
24452,256 232
24453,256 80
24454,261 23
24455,257 245
24456,257 245
24457,259 39
24458,256 136
24459,261 106
24460,258 69
24461,261 243
24462,261 118
24463,257 7
24464,259 160
24465,257 21
24466,258 27
24467,261 239
24468,257 0
24469,261 232
24470,259 12
24471,258 12
24472,256 164
24473,260 55
24474,261 163
24475,256 21
24476,257 112
24477,258 188
24478,260 133
24479,256 169
24480,257 178
24481,258 189
24482,257 42
24483,256 153
24484,257 244
24485,257 218
24486,259 2
24487,258 47
24488,258 105
24489,261 143
24490,261 147
24491,261 255
24492,257 40
24493,257 1
24494,258 176
24495,261 135
24496,259 58
24497,259 34
24498,261 178
24499,257 191
24500,257 55
24501,260 53
24502,259 50
24503,260 85
24504,259 233
24505,259 73
24506,258 206
24507,258 42
24508,260 68
24509,258 44
24510,258 236
24511,259 99
24512,261 159
24513,257 251
24514,256 122
24515,261 14
24516,259 244
24517,259 57
24518,257 47
24519,257 62
24520,256 168
24521,259 35
24522,260 198
24523,258 19
24524,259 17
24525,261 175
24526,259 53
24527,260 19
24528,258 193
24529,259 91
24530,261 213
24531,260 212
24532,259 74
24533,261 197
24534,261 7
24535,260 199
24536,261 6
24537,261 176
24538,260 197
24539,259 186
24540,257 15
24541,256 241
24542,259 49
24543,256 78
24544,257 124
24545,256 94
24546,256 253
24547,259 137
24548,258 137
24549,258 196
24550,257 94
24551,261 55
24552,260 58
24553,259 131
24554,259 206
24555,258 181
24556,259 174
24557,259 62
24558,258 203
24559,259 124
24560,257 37
24561,258 215
24562,257 116
24563,256 101
24564,256 113
24565,259 158
24566,256 145
24567,260 137
24568,260 85
24569,256 92
24570,259 118
24571,260 62
24572,258 14
24573,256 180
24574,257 212
24575,256 130
24576,256 7
24577,256 3
24578,259 93
24579,260 229
24580,256 112
24581,260 164
24582,257 204
24583,259 192
24584,259 59
24585,261 90
24586,258 200
24587,258 61
24588,261 186
24589,256 50
24590,259 161
24591,257 145
24592,261 224
24593,256 45
24594,261 223
24595,256 97
24596,258 224
24597,259 126
24598,258 48
24599,259 48
24600,261 165
24601,259 37
24602,261 30
24603,261 91
24604,256 105
24605,256 69
24606,259 164
24607,256 246
24608,261 98
24609,260 102
24610,256 129
24611,257 149
24612,261 68
24613,256 152
24614,256 236
24615,259 207
24616,256 29
24617,259 32
24618,259 3
24619,259 11
24620,258 188
24621,257 21
24622,257 16
24623,256 228
24624,256 174
24625,261 44
24626,259 135
24627,261 49
24628,261 136
24629,259 147
24630,260 94
24631,260 130
24632,259 252
24633,259 146
24634,258 14
24635,256 156
24636,258 249
24637,256 86
24638,259 117
24639,256 67
24640,259 213
24641,258 29
24642,257 84
24643,261 101
24644,256 62
24645,258 177
24646,261 45
24647,261 106
24648,260 104
24649,259 217
24650,260 194
24651,256 69
24652,257 203
24653,256 51
24654,259 92
24655,261 130
24656,259 84
24657,258 161
24658,259 194
24659,259 114
24660,257 218
24661,256 66
24662,259 110
24663,258 52
24664,260 84
24665,258 148
24666,256 105
24667,260 52
24668,257 2
24669,259 61
24670,259 231
24671,256 96
24672,261 144
24673,259 154
24674,261 131
24675,260 54
24676,261 244
24677,261 20
24678,259 184
24679,256 102
24680,259 123
24681,256 212
24682,259 246
24683,258 154
24684,256 76
24685,258 91
24686,261 112
24687,257 188
24688,256 89
24689,259 20
24690,258 131
24691,261 188
24692,259 130
24693,257 224
24694,258 77
24695,257 172
24696,256 95
24697,256 72
24698,261 226
24699,258 189
24700,259 247
24701,258 181
24702,258 37
24703,256 99
24704,261 102
24705,257 237
24706,260 61
24707,257 197
24708,261 27
24709,257 186
24710,258 47
24711,258 40
24712,256 72
24713,256 108
24714,257 6
24715,259 1
24716,256 175
24717,261 163
24718,258 165
24719,256 224
24720,257 207
24721,258 137
24722,261 34
24723,257 93
24724,259 45
24725,259 122
24726,257 67
24727,256 191
24728,261 66
24729,258 183
24730,260 126
24731,259 250
24732,256 58
24733,259 155
24734,260 161
24735,256 68
24736,258 145
24737,261 125
24738,258 242
24739,256 99
24740,258 68
24741,260 47
24742,260 109
24743,258 102
24744,260 25
24745,257 200
24746,257 134
24747,261 120
24748,257 53
24749,261 33
24750,257 122
24751,256 253
24752,260 8
24753,259 63
24754,259 25
24755,260 27
24756,256 66
24757,261 141
24758,256 176
24759,258 113
24760,257 90
24761,258 149
24762,258 86
24763,261 149
24764,258 216
24765,259 177
24766,261 217
24767,257 154
24768,261 112
24769,258 210
24770,256 18
24771,260 186
24772,260 160
24773,261 85
24774,257 72
24775,257 226
24776,260 77
24777,261 154
24778,256 1
24779,258 197
24780,261 171
24781,260 177
24782,260 88
24783,260 162
24784,256 96
24785,259 115
24786,260 194
24787,258 244
24788,258 170
24789,259 204
24790,261 206
24791,257 183
24792,261 248
24793,259 3
24794,260 82
24795,257 224
24796,256 77
24797,256 92
24798,259 20
24799,261 91
24800,259 74
24801,260 75
24802,256 211
